---
latitude: 50.853308
longitude: -1.158535
elevation: 5
owm_apikey: "6e6ab576f1ccf5dc7fbd4f0bad7979ce"
